"x"
24.32
45.8
59.17
62.96
54.34
34.94
43.21
39.31
39.97
47.34
67.53
69.39
68.42
38.4
74.36
65.63
56.21
61.5
56.58
43.93
79.84
92.58
67.91
52.2
43.57
44.98
52.38
80.01
76.13
45.8
39.37
61.79
74.2
92.93
75.09
36.19
48.03
65.78
53.81
51.89
54.32
54.48
62.66
43.75
53.28
63.53
67.68
38.36
61.95
61.22
39.85
54.15
45.16
42.8
28.68
43.62
46.15
50.55
31.33
32.2
52.93
44.13
45.59
53.56
50.83
42.08
42.76
56.2
63.68
63.14
56.77
56.87
48.46
85.85
72.12
66.22
83.01
64.92
47.72
44.39
47.88
56.39
32.94
32.45
27.51
32.62
52.47
40.96
26.22
30.35
32.81
30.28
31.51
37.63
48.13
55.6
49
50.04
49.81
48.42
51.95
43.22
47.18
48.24
53.28
47.89
42.88
33.38
42.39
59.16
67.96
32.8
55.19
49.16
46.88
50.75
68.44
47.86
40.32
50.81
29.22
33.85
29.33
30.54
38.67
44.17
48.14
28.41
24.91
24.88
40.06
24.94
33.86
38.87
23.81
28.92
48.99
58.89
49.08
50.3
64.67
54.63
39.55
39.38
23.81
29.95
42.28
38.19
38.83
41.46
44.3
45.32
45.28
40.66
54.58
51.48
30.79
30.69
24.74
28.21
21.04
22.61
35.69
33.2
43.87
32.63
46.06
56.42
62.35
39.98
32.72
39.41
51.89
61.11
53.94
55.96
45.82
47.04
49.45
48.63
61.12
61.33
77.11
36.58
54.19
56.43
48.44
61.54
75.75
48.24
49.94
46.34
43.5
39.42
30.37
46.64
63.09
49.78
34.37
58.94
43.06
33.13
29.42
37.52
33.6
30.29
39.84
49.37
71.46
57.37
52.73
51.5
38.77
41.35
38.27
41.11
38.01
48.66
46.22
54.36
45.2
59.48
59.65
52.99
30.73
27.6
29.03
27.04
35.17
40.15
46.56
55.19
58.73
38.55
29.48
28.65
59.79
64.44
44.96
44.78
35.28
56.1
48.25
41.72
55.24
50.48
65.46
64.25
62.69
19.62
34.14
48.92
64.25
65.11
66.7
54.13
73.98
73.65
48.25
50.76
42.54
39.81
56.06
55.66
61.81
59.72
41.72
38.52
36.35
52.33
66.38
53.45
66.61
72.83
75.2
39.05
33.11
57.63
76.68
56.05
53.97
44.37
28.55
58.09
39.73
55.2
65.93
67.47
58.2
35.08
56.72
84.37
93.72
86.69
91.88
80.85
64.93
44.16
70.06
94.49
110.8
66.34
33.03
30.68
36.78
58.64
85.34
78.49
70.51
63.56
43.78
28.63
23.36
44.18
49.83
74.43
63.96
49.75
43.87
58.26
44.94
54.21
66.41
39.88
30.75
48.41
65.84
75.15
70.71
64.06
66.71
65.16
68.14
57.81
38.04
49.67
55.02
73.37
73.28
54.09
57.24
45.34
65.96
66.37
63.74
74.46
96.97
67.76
53.73
68.42
94.38
79.28
45.17
54.65
69.54
61.56
50.81
50.26
52.35
68.83
88.04
94.5
91.72
75.23
58.8
48
58
63
45
50
38
48
45
45
41
44
84
83
85
74
62
81
93
79
63
51
53
45
66
78
80
68
46
37
55
64
69
93
104
98
91
89
96
93
98
91
86
63
43
34
46
40
43
51
54
36
32
39
77
69
75
75
37
39
43
54
56
57
56
60
55
49
40
49
68
43
28
44
31
43
58
64
61
69
45
40
53
59
67
43
24
32
39
42
65
75
62
55
51
60
61
83
100
71
47
41
43
56
74
50
35
31
41
33
31
29
23
42
30
41
46
51
56
45
36
32
44
44
45
53
38
29
32
60
48
45
58
45
45
26
42
46
42
38
53
46
47
48
59
61
54
43
39
31
31
38
31
35
44
48
38
45
36
28
29
34
31
31
32
36
45
30
31
29
36
38
34
32
33
37
44
33
32
37
29
32
34
35
26
32
39
25
31
31
23
27
47
30
24
34
33
41
22
25
23
30
35
24
26
23
22
38
46
45
52
50
36
51
25
39
53
41
23
19
37
42
39
46
53
31
36
39
58
69
61
50
44
41
26
48
41
55
31
41
35
57
53
29
32
26
38
26
45
49
81
70
85
67
33
70
76
45
49
52
47
33
39
58
65
69
62
30
54
71
74
77
64
58
39
45
87
76
75
83
43
35
37
65
90
80
102
87
53
69
66
82
90
39
60
60
34
38
26
42
42
50
53
51
61
48
43
38
42
39
41
69
68
69
58
70
50
39
43
52
50
58
50
40
47
46
47
47
60
82
65
68
84
86
80
74
55
71
65
69
52
70
77
71
54
42
36
29
29
37
28
43
52
63
84
97
86
91
45
64
74
80
73
64
70
83
60
33
66
79
93
71
66
68
78
75
73
73
84
79
63
45
52
72
81
72
64
59
53
60
72
75
48
40
48
63
64
69
45
40
34
40
42
35
41
57
66
49
46
44
51
49
55
49
56
1
55
74
80
87
87
71
59
55
64
68
64
51
28
28
34
48
50
64
58
41
47
58
71
83
62
38
26
29
28
31
39
59
64
51
51
45
48
49
39
57
55
39
33
39
38
26
18
21
39
47
30
26
38
33
24
30
29
38
22
20
25
22
20
20
21
23
23
36
21
22
28
33
38
44
29
24
22
27
22
41
55
60
57
43
33
29
44
39
27
19
20
30
31
43
46
51
18
32
37
31
54
56
47
36
19
35
32
20
18
29
34
20
22
22
34
32
23
24
23
36
36
33
18
38
37
45
50
56
54
30
21
18
20
27
53
34
30
28
30
25
35
24
31
38
38
27
27
38
45
43
62
42
25
24
42
30
34
36
35
28
35
44
47
31
40
35
31
20
24
29
39
59
65
47
18
27
18
10
28
67
49
32
45
47
43
28
24
24
29
39
31
28
31
19
20
19
22
30
44
56
53
45
35
39
58
59
35
58
55
64
52
48
34
32
36
44
37
18
21
27
50
41
34
37
56
67
69
87
88
65
59
67
59
37
21
30
33
23
33
55
63
51
35
41
50
63
71
60
36
36
38
32
53
57
37
20
30
48
47
36
42
43
53
36
22
33
43
52
33
49
51
46
43
54
66
65
52
58
48
58
49
43
42
48
50
53
67
71
42
38
52
52
55
54
80
76
72
60
37
24
20
41
63
55
36
31
37
49
54
51
58
65
80
57
52
53
38
67
69
84
81
72
49
57
51
51
51
26
29
37
32
24
32
18
26
18
34
31
26
33
43
45
36
39
81
75
77
46
31
40
74
66
37
38
40
40
29
28
35
48
68
58
57
45
46
41
36
27
23
31
41
44
45
50
39
53
52
33
38
51
34
30
36
26
15
16
18
29
33
42
31
41
22
52
32
49
55
34
18
20
18
19
13
12
17
22
21
22
48
24
39
37
30
19
16
17
16
24
50
34
34
44
48
41
26
24
31
28
31
46
31
37
26
19
32
39
31
37
30
32
44
45
25
40
29
30
33
23
34
36
28
29
20
20
23
41
35
40
31
31
44
20
24
25
22
32
37
24
19
30
36
41
27
19
12
16
20
23
36
33
32
48
30
16
18
35
37
43
34
37
37
41
33
37
36
23
35
41
33
58
34
39
36
42
52
42
47
46
40
31
27
29
35
37
43
46
40
28
36
42
42
39
34
21
16
31
58
50
42
31
31
38
45
34
25
27
39
36
35
40
32
34
35
36
28
24
47
33
32
48
57
37
23
23
28
27
27
33
40
30
40
48
39
34
40
36
34
47
38
39
50
51
56
49
49
63
47
45
43
47
44
69
66
65
77
52
20
14
21
17
40
41
34
49
33
53
63
63
55
47
34
24
47
32
42
70
78
44
29
52
44
34
45
50
44
50
54
40
55
70
57
43
28
25
27
51
30
39
34
38
66
58
36
46
49
46
39
51
55
49
34
48
60
53
62
54
44
51
86
68
51
75
76
100
99
72
80
83
86
83
72
84
91
72
69
68
67
60
47
55
77
71
67
39
16
32
31
39
49
66
46
29
33
35
25
25
37
51
73
81
78
58
58
42
27
38
30
41
40
41
44
44
51
64
60
41
43
26
25
35
35
32
24
36
52
30
23
30
23
22
36
25
35
44
32
25
32
50
64
58
65
47
38
38
42
37
24
33
39
27
21
18
22
23
38
58
54
62
38
65
50
44
51
66
63
52
62
67
39
57
35
18
22
44
22
32
41
42
43
27
48
37
43
28
22
27
38
45
50
54
52
47
34
40
49
44
50
44
34
36
9
27
23
23
30
25
18
18
27
34
32
31
34
22
33
50
47
57
55
49
44
30
33
24
32
26
30
26
20
20
17
20
16
24
24
19
26
25
27
30
32
23
20
31
34
22
27
38
16
27
25
34
41
42
48
32
22
25
33
32
25
29
16
30
28
30
36
40
40
24
22
26
20
22
31
33
37
17
24
37
24
26
28
29
27
40
35
57
54
40
14
19
34
38
36
34
42
33
27
36
23
30
35
19
16
14
28
32
37
35
27
28
18
25
30
20
25
24
25
24
32
32
30
27
26
27
27
44
27
29
37
33
31
29
40
39
35
23
34
25
23
33
40
38
22
30
32
28
27
34
24
29
31
38
30
32
24
38
42
48
37
35
46
56
35
39
42
49
31
31
20
29
22
39
33
18
19
35
37
36
52
65
59
83
92
65
84
77
62
55
70
79
83
97
72
66
50
36
36
45
41
40
35
37
46
49
44
58
35
25
23
42
76
77
68
70
60
46
66
59
43
53
57
62
61
57
53
51
47
63
60
55
66
74
87
106
81
51
53
62
82
95
106
101
86
68
76
85
71
57
78
59
40
54
83
93
93
103
96
106
87
82
103
112
118
90
77
76
74
72
57
45
47
39
54
63
50
48
79
76
62
86
73
81
51
24
28
26
30
34
39
38
48
55
49
43
56
62
65
46
25
29
45
37
43
59
69
38
42
32
34
39
53
55
53
31
35
51
55
50
62
83
62
74
80
82
77
54
38
39
48
54
49
36
36
36
37
58
41
32
38
44
57
40
54
69
42
37
31
32
28
31
29
31
46
52
45
35
39
38
46
27
31
38
28
47
0
0
0
0
0
0
37
40
26
39
22
22
25
35
15
33
59
24
51
50
57
60
74
47
19
26
33
36
32
32
28
28
21
20
30
35
38
47
44
44
34
41
43
44
26
38
37
36
43
41
45
42
29
27
14
33
40
35
46
44
50
42
51
47
44
49
74
60
56
62
55
42
36
38
33
41
65
62
63
52
60
45
38
52
60
64
66
53
32
24
47
42
57
48
49
31
30
40
48
44
39
35
36
41
50
32
50
65
47
34
30
45
45
36
25
27
28
19
28
31
37
49
52
26
13
25
49
50
42
65
35
27
41
51
40
30
35
36
41
44
49
57
45
63
47
14
23
31
21
38
60
55
52
68
56
43
59
70
65
53
40
45
52
73
41
53
35
34
27
48
52
65
57
31
30
51
54
68
80
61
45
54
45
51
68
71
68
43
40
34
29
43
63
51
39
42
40
58
53
69
62
53
62
84
87
80
78
51
53
65
75
84
79
71
37
35
51
70
40
71
68
60
67
95
94
101
89
99
77
61
63
61
66
66
61
52
61
58
68
75
85
80
75
59
73
80
81
66
61
61
50
54
46
46
48
40
34
33
24
35
23
21
33
31
18
26
45
67
56
54
58
57
45
56
60
53
64
62
53
67
56
55
49
58
45
47
62
70
48
53
62
49
31
30
21
22
27
21
17
26
37
46
46
42
51
65
54
60
54
47
41
36
27
35
53
70
57
48
45
35
33
39
46
46
43
50
50
49
51
54
72
64
47
35
41
53
46
55
44
48
35
21
23
34
53
34
47
43
35
48
49
49
50
41
29
20
36
38
37
43
45
28
24
46
51
55
33
46
46
39
47
52
48
45
40
39
29
48
63
62
60
38
24
25
34
43
40
28
35
38
43
36
46
51
39
51
44
22
37
44
26
40
38
25
16
32
43
45
48
48
29
28
39
45
58
52
36
34
27
27
25
19
22
29
31
29
44
41
41
37
54
37
27
42
42
40
38
35
31
34
34
46
49
62
65
65
48
48
46
35
42
55
52
46
46
57
52
51
49
28
34
39
57
56
61
49
40
30
43
55
59
41
37
41
40
47
52
28
39
42
40
36
32
40
41
37
28
28
37
41
54
44
45
52
43
55
47
38
50
48
67
70
65
79
74
71
53
45
49
39
58
33
35
32
41
36
29
49
51
52
62
65
51
2
53
48
34
54
53
51
48
67
72
70
78
65
74
45
50
59
35
31
32
46
4
3
56
59
59
58
48
27
45
56
65
66
64
64
77
80
57
60
67
60
31
35
45
45
32
61
67
60
49
45
53
66
67
70
52
38
39
61
52
48
52
53
45
55
57
48
54
60
47
38
43
45
57
50
52
75
50
49
73
90
79
82
81
64
54.8037585960414
41.3504310405741
59.8843986290738
50.9186716172593
61.4475015014221
0.587099182534743
32.7615863170878
33.0591016146636
48.9730768421322
72.4082214911175
44.6658971138486
26.7491550847981
79.8939305457135
55
63
71
72
64
61
68
67
76
81
70
56
51
63
50
73
57
48
42
37
48
58
68
83
77
75
53
37
41
44
56
60
42
31
18
21
35
41
53
68
63
53
45
32
57
55
61
67
66
47
59
70
74
68
55
52
41
26
29
42
53
48
26
25
34
45
71
79
80
59
31
30
43
44
45
58
65
59
43
33
29
37
50
48
30
32
47
59
57
44
30
33
48
60
35
46
46
45
41
49
60
57
55
38
31
33
53
44
34
33
38
45
55
59
39
28
31
30
38
29
27
41
49
69
39
22
44
47
44
25
28
35
25
30
45
62
44
36
41
51
50
55
47
54
47
48
34
29
27
41
49
50
55
32
22
33
34
53
48
48
52
48
49
47
53
68
65
61
39
45
51
60
56
36
30
42
35
38
21
24
23
18
24
44
43
39
49
47
45
44
40
56
68
78
61
42
41
50
46
32
40
35
35
41
38
32
43
50
55
51
39
37
38
50
52
50
43
27
34
29
30
28
36
44
42
37
27
48
44
59
38
36
40
40
51
42
47
46
28
40
35
34
35
35
36
49
37
47
51
41
56
30
21
33
34
50
44
27
28
36
34
47
52
57
44
39
43
37
35
44
49
57
75
39
54
53
47
72
65
60
65
84
85
96
94
79
76
60
54
54
47
53
55
46
47
71
83
87
96
82
58
58
55
65
63
68
69
50
53
55
62
68
57
69
61
50
62
66
73
77
65
51
55
66
73
72
77
67
59
44
64
70
56
48
44
43
50
65
68
67
71
63
48
23
29
52
55
32
43
56
46
67
71
82
72
78
55
50
41
36
33
36
38
34
33
26
32
34
26
27
32
32
49
49
40
39
56
49
36
49
53
60
75
82
68
51
62
72
71
62
53
48
44
73
74
85
68
57
48
49
54
54
58
66
79
60
57
57
49
36
54
56
51
48
57
62
55
61
65
64
68
75
69
62
39
60
33
34
37
39
41
57
55
42
21
28
48
47
28
35
33
38
44
44
51
59
60
31
39
55
47
47
28
20
30
48
50
31
29
57
80
40
29
33
37
41
38
37
46
26
31
52
55
46
43
45
45
56
53
61
45
33
26
21
28
30
28
43
44
37
33
43
45
40
42
41
33
31
40
39
48
48
54
48
43
42
53
52
48
46
32
32
42
51
34
30
41
32
30
19
21
36
42
38
28
29
21
40
38
42
49
34
32
36
45
51
53
62
42
42
49
46
32
37
39
27
15
22
34
37
34
38
34
31
40
38
35
32
33
25
19
26
41
36
43
37
25
24
26
29
44
45
38
23
19
42
48
69
62
0
0
0
55
33
38
32
34
30
31
37
35
26
35
37
24
36
44
51
47
50
43
31
27
63
51
44
36
41
37
33
39
44
29
36
42
41
41
47
54
53
68
61
38
33
51
47
52
58
59
49
46
42
44
35
49
60
58
51
56
60
61
69
67
67
40
50
51
52
42
29
44
28
39
48
53
52
45
40
34
48
55
62
60
61
42
38
40
39
34
40
43
47
41
30
30
40
46
0
0
0
60
57
53
50
46
34
28
30
17
28
41
26
47
21
25
47
66
63
47
49
45
50
64
71
53
46
46
62
85
65
49
33
40
43
19
61
63
43
39
39
43
41
61
57
66
65
56
45
56
76
65
72
64
79
75
75
77
77
71
48
73
58
57
96
82
57
60
55
48
38
55
47
19
43
52
46
22
24
23
23
10
12
18
30
71
71
59
64
51
41
14
38
46
66
59
71
42
39
51
53
57
56
64
68
49
67
61
62
72
56
49
34
13
22
16
18
34
38
38
41
37
29
39
58
0
0
25
29
30
42
44
33
29
32
24
44
48
34
27
26
34
29
26
21
18
9
9
15
15
20
31
35
39
17
20
23
19
17
17
10
11
21
18
21
10
21
39
27
30
29
19
19
24
18
17
31
17
8
12
10
22
19
40
31
41
22
16
12
11
19
30
30
42
25
17
16
29
22
19
27
34
27
25
44
11
14
16
16
17
13
20
20
20
22
20
15
27
35
29
18
31
28
25
35
33
36
34
34
44
41
31
19
19
24
18
17
31
17
8
12
10
22
19
40
31
41
22
16
12
11
19
30
30
42
25
17
16
29
22
19
27
34
26
38
31
25
35
30
27
23
16
19
19
30
26
35
38
28
34
29
26
26
26
43
48
46
31
31
33
57
54
46
50
31
38
48
25
28
23
20
34
21
27
35
38
32
25
43
45
45
48
39
28
18
40
39
34
48
61
54
50
59
0
55
31
60
62
42
45
69
60
61
48
58
30
35
29
25
39
45
28
19
18
46
43
28
39
64
55
53
59
72
52
18
11
14
15
25
31
25
25
21
29
44
45
37
25
31
33
24
50
61
59
45
43
25
19
26
31
20
24
25
23
0
