"x"
81.74
42.68
10.51
13.02
35.58
50.43
47.65
78.63
71.21
36.48
29.09
11.48
29.17
83.14
32.04
19.27
16.03
15.54
26.43
0
0
0
0
50.47
0
0
43.67
34.91
45.44
88.24
87.58
62.02
31.3
15.69
15.85
80.3
71.63
24.01
39.42
72.61
40.36
66.88
57.95
74.11
0
25.63
28.53
71.19
50.94
51.43
78.96
40.49
67.13
77.14
87.07
69.75
71.37
39.87
88.14
86
54.24
0
55.08
51.96
61.36
52.43
81.75
62.83
55.8
43.82
51.16
57.34
66.02
0
0
56.37
42.64
23.37
37.6
0
43.91
37.93
61.49
0
86.74
86.35
66.79
68.81
83.92
90.16
88.34
79.1
72.52
76.73
71.12
62.03
97.13
80.74
92.49
93.2
96.16
98.68
74.01
44.23
53.39
55.68
70.55
68.94
70.02
52.52
53.52
88.03
60.77
52.06
71.09
74.02
73.88
89.89
89.6
68.08
84.19
77.34
80.72
93.19
94.77
75.83
69.16
53.87
62.14
75.49
77.51
83.16
74.83
71.98
84.77
73.41
62.86
76.25
67.14
86.06
72.97
81.44
98.31
94.71
87.52
80.51
69.06
70.97
71.63
64.48
58.79
62.34
63.92
79.42
88.05
74.79
81.71
79.27
71.78
51.15
63.02
67.01
50.6
63.44
53.38
62.49
59.08
65.78
66.87
86.97
78.14
77.92
64.31
76.45
93.38
95.41
85.4
79.84
92.23
96.67
87.86
88.28
62.66
95.11
86.29
87.44
101.4
91.87
59.99
104.3
100.2
92.96
80.89
78.4
86.47
79.62
72.31
85.16
89.84
82.01
100.3
82.89
73.62
87.54
90.86
82.35
78.69
83.12
79.41
84.7
75.03
84.43
88.12
95.13
80.33
76.23
76.56
93.4
85.22
64.62
65.68
0
104.1
73.27
70.83
85.16
81.13
74.42
57.64
74.12
54.8
51.4
56.66
67.71
58.16
56.94
55.2
48.96
59.58
76.11
69.01
67.68
64.35
53.92
39.32
62.94
0
0
0
59.95
63.93
61.06
53.39
45.84
51.97
58.44
60.62
41.06
54.79
35.32
43.91
43.02
32.75
32.83
39.12
38.62
60
62.35
52.6
47.77
42.83
41.97
50.99
44.27
45.46
45.16
51.05
38.31
30.01
46.04
31.74
28.68
48.14
18.27
42.82
36.96
32.93
29.39
33.72
47.08
33.66
15.17
15.74
18.01
15.2
24.53
35.97
56.15
31.35
13.93
8.64
30.44
47.65
57.58
57.45
37.41
11.9
13.56
17.27
24.1
43.2
53.62
63.79
53.05
45.16
14.24
23.16
21.69
58.59
34.73
41.93
48.55
20.93
52.98
54.55
46.64
27.94
12.12
17.02
31.56
26.48
27.14
7.84
20.42
44.76
40.77
45.19
15.8
21.53
31.97
0
39.21
12.73
16.72
5.97
4.71
4.45
13.01
32.88
20.06
10.92
7.71
33.34
29
22.99
29.39
42.82
42.36
26.08
18.25
6.11
6.03
7.84
6.21
12.78
23
18
13
24
17
27
33
40
45
33
52
14
6
7
10
14
4
5
5
19
49
51
45
33
16
16
17
37
44
21
27
24
16
11
15
17
17
12
15
18
17
22
32
44
61
47
54
72
51
28
49
66
65
36
23
23
32
60
68
66
54
45
43
56
45
50
69
59
36
28
48
57
46
54
58
52
34
41
36
58
69
50
44
39
35
59
75
73
76
46
43
42
33
50
36
42
32
34
41
57
63
64
45
48
67
69
75
72
64
45
47
52
42
55
55
54
66
65
74
66
72
59
48
60
52
69
63
62
45
60
58
51
67
51
67
65
56
52
51
45
72
68
73
69
67
67
52
0
0
53
58
71
78
80
71
71
55
52
58
68
66
60
53
62
66
65
73
64
66
77
60
57
63
77
87
80
88
74
62
68
77
77
61
70
92
83
75
75
65
52
74
70
62
71
76
79
72
65
62
62
61
62
74
76
63
57
57
63
72
76
99
97
73
72
72
79
64
64
58
78
69
69
72
65
71
74
60
58
52
60
78
69
73
64
63
72
55
59
63
72
63
66
53
47
60
51
56
59
60
50
62
60
64
59
48
53
52
51
58
63
71
47
44
44
42
45
64
47
46
43
29
39
51
57
61
34
51
41
32
42
52
36
30
21
29
20
29
36
33
34
21
28
45
35
35
37
33
44
26
33
30
33
23
21
29
24
39
31
43
45
8
26
12
8
15
32
47
40
25
26
21
38
49
32
25
28
33
32
15
19
13
10
9
11
9
49
20
17
26
53
9
9
7
6
15
36
48
48
46
50
54
41
17
5
3
5
4
20
13
10
9
13
30
12
8
16
54
22
6
6
19
14
8
9
10
12
8
3
13
3
29
39
10
7
16
18
11
13
17
10
5
26
50
48
24
25
27
52
68
67
51
45
45
56
33
27
44
52
60
45
51
38
45
35
43
47
0
36
24
22
35
40
41
34
39
43
39
63
56
58
53
54
42
43
62
46
45
40
40
38
63
67
65
66
66
44
26
38
54
44
48
63
65
61
49
52
62
60
52
37
51
70
65
41
46
59
72
50
69
73
63
89
111
75
78
72
55
70
73
82
69
62
37
73
71
65
51
58
35
63
60
57
56
43
45
46
59
51
56
67
75
70
62
74
53
54
60
61
52
73
68
73
64
72
74
64
73
76
67
68
70
75
40
51
65
65
49
67
60
66
67
57
44
45
39
46
59
67
78
78
82
88
70
55
75
68
75
68
65
58
66
71
62
60
67
69
77
77
74
74
62
73
78
74
75
58
69
75
78
78
90
83
82
80
82
75
78
79
78
74
77
81
60
66
64
76
58
38
52
78
68
63
56
59
51
50
58
44
43
52
67
73
64
70
65
67
47
70
56
64
70
70
65
68
66
63
63
60
55
55
52
59
48
52
48
53
43
61
60
62
50
32
60
56
50
24
17
43
42
31
28
33
32
31
34
31
37
27
24
44
35
42
54
44
28
31
26
40
38
23
12
16
10
21
42
36
55
20
13
35
49
46
23
22
47
34
31
12
27
52
58
40
35
32
20
25
24
28
16
5
10
23
12
10
7
41
39
44
0
36
30
17
15
50
60
25
12
23
18
5
11
7
13
43
58
53
39
6
3
37
44
28
19
8
13
13
4
5
7
10
5
27
23
22
6
5
8
7
8
11
13
18
43
62
58
62
52
57
50
59
62
59
50
68
63
42
53
30
48
6
9
7
24
62
55
14
25
67
60
65
62
54
68
63
41
18
22
18
22
33
35
40
54
61
60
43
54
49
35
63
67
53
71
59
36
50
48
56
63
71
66
68
74
71
53
58
35
69
35
57
42
39
53
66
61
50
64
64
57
75
56
68
67
38
62
65
76
51
71
68
62
58
61
49
61
55
48
49
52
73
99
96
99
98
84
98
89
83
90
72
68
69
60
91
99
81
71
73
62
59
68
72
94
89
78
64
70
76
79
94
74
82
78
80
76
68
92
81
86
89
77
93
108
100
104
98
95
104
91
100
94
92
91
58
59
61
91
82
78
78
73
85
77
79
74
94
105
97
97
112
73
101
88
99
93
68
90
103
113
117
111
87
104
106
106
108
99
108
113
118
108
108
103
89
73
75
78
70
79
75
70
80
86
86
72
85
85
74
75
86
86
94
90
93
85
99
91
97
79
98
95
83
89
92
88
102
96
89
84
88
85
91
88
91
106
91
71
79
97
91
75
74
74
80
54
64
61
62
63
59
51
59
55
58
64
71
39
45
49
47
37
55
52
39
26
18
23
37
37
56
45
32
44
47
53
63
60
31
43
30
21
36
42
38
24
23
43
19
21
32
25
27
56
33
19
28
32
22
44
57
23
27
32
59
52
20
18
36
36
45
37
21
23
34
51
60
48
30
35
30
31
52
36
10
17
44
11
26
10
8
22
12
12
10
14
18
9
4
18
14
17
14
9
45
49
9
13
14
37
64
54
41
61
50
15
31
42
43
46
66
57
38
26
9
7
8
9
5
43
54
38
52
38
48
49
63
36
39
37
36
48
31
67
63
64
63
59
65
52
25
53
63
46
60
64
51
74
49
36
39
39
54
27
17
26
23
27
70
58
34
52
56
70
51
63
60
51
73
70
49
35
41
41
68
47
67
67
50
41
56
53
44
45
66
47
55
72
77
54
82
75
52
58
65
63
34
46
48
69
76
54
37
41
49
45
51
44
69
64
60
67
58
69
90
59
74
54
56
59
58
86
65
85
67
68
64
69
75
81
80
62
63
57
72
84
75
71
70
76
85
92
98
108
108
102
85
80
73
83
93
95
94
89
70
61
78
89
93
96
85
87
101
72
64
67
80
69
77
85
93
108
107
105
117
116
101
97
86
74
80
71
83
87
72
66
90
82
84
82
71
80
87
53
77
83
79
91
89
82
89
87
98
96
78
84
76
73
80
97
97
114
98
117
119
108
88
101
93
105
86
72
74
101
92
83
79
69
89
79
91
84
93
100
97
92
81
88
101
76
86
86
86
79
69
61
47
85
81
85
85
80
86
70
68
61
56
77
79
75
81
69
62
67
64
59
63
52
43
43
70
54
59
47
66
59
59
58
37
41
57
50
45
53
78
59
56
39
31
31
31
64
63
60
36
33
26
29
45
29
33
42
28
28
40
34
26
22
21
16
26
29
32
43
71
65
53
54
60
63
34
36
56
19
58
61
57
53
15
16
25
19
16
20
17
19
41
21
42
98.7120200171591
23
52
39
14
30
20
37
57
27
28
14
6
6
21
41
30
7
4
3
3
5
17
12
8
6
20
4
17
70
57
13
5
9
5
5
6
6
5
6
5
5
9
10
18
18
7
22
61
49
18
46
24
44
64
29
28
52
10
18
15
43
57
78
81
58
70
73
77
58
23
49
48
49
27
20
36
65
56
51
67
51
30
34
69
65
56
76
72
49
54
32
53
29
13
42
56
39
21
39
39
30
33
36
44
69
64
46
48
59
64
67
62
57
29
58
78
53
37
32
78
67
53
57
67
57
68
73
63
75
94
62
57
56
71
75
75
73
61
68
56
79
61
79
88
67
59
72
60
71
54
71
59
58
29
55
49
84
70
61
76
69
70
76
82
49
88
86
80
79
83
69
81
87
86
86
80
78
74
76
91
79
82
84
75
79
86
98
98
103
110
111
104
67
64
71
81
86
86
68
76
96
85
96
101
105
95
93
95
82
97
100
108
88
99
85
88
90
78
62
65
84
96
91
119
107
120
116
123
92
105
104
69
71
70
66
35
65
86
87
68
76
73
62
52
95
93
73
96
84
72
71
94
87
80
72
80
72
72
74
67
62
78
85
81
72
87
58
78
69
65
64
63
81
76
52
60
74
92
79
77
80
61
68
66
60
59
52
83
63
69
54
60
48
56
60
72
90
60
46
57
49
62
60
57
66
50
82
57
47
47
55
43
45
30
38
44
29
9
17
27
29
37
31
39
51
39
26
15
23
47
45
64
81
63
23
57
77
68
60
21
35
14
20
32
26
11
9
16
14
36
17
15
7
7
8
24
73
74
55
29
84
60
47
34
18
15
5
5
10
5
11
13
8
8
15
12
25
39
12
17
15
4
3
4
6
12
6
6
4
3
10
10
23
32
45
40
17
26
55
40
40
82
69
64
55
64
66
74
54
20
17
49
57
22
57
49
19
17
3
8
14
6
7
4
24
29
31
43
8
6
42
45
18
21
74
53
55
52
55
42
34
73
77
63
48
52
55
43
39
35
53
29
65
51
77
70
71
34
56
76
58
80
78
72
80
56
78
72
47
65
79
67
57
52
53
58
50
52
63
47
64
58
36
76
61
64
53
77
83
67
64
40
64
69
63
84
79
78
59
57
65
57
42
53
72
59
50
52
70
47
42
59
66
56
57
69
58
65
85
88
69
82
70
57
68
55
56
41
62
71
61
76
73
83
85
64
80
57
66
73
62
54
65
59
67
66
59
71
72
84
84
73
81
88
64
65
74
83
83
73
57
70
53
59
74
78
76
55
75
91
89
69
89
86
93
77
70
80
21.2066513384684
77
85
94
80
86
94
79
83
97
91
77
88
79
82
87
91
86
88
87
61
86
96
66
82
90
97
110
104
97
100
99
87
91
98
92
76
76
83
83
75
77
85
87
81
82
87
84
89
72
79
69
89
76
69
77
76
85
75
74
92
77
79
78
72
73
59
62
58
45
85
75
85
89
57
61
50
52
55
48
59
48
62
60
60
49
56
56
64
57
49
58
50
48
55
43
46
47
47
45
45
62
57
75
51
44
37
42
39
25
30
21
9
17
14
38
38
26
15
23
17
22
26
18
30
18
15
9
46
56
50
48
59
21
9
9
28
43
39
13
9
13
22
32
54
20
14
30
22
26
32
43
9
45
35
13
18
40
34
29
7
21
16
17
14
4
4
6
19
19
59
65
46
15
12
5
6
19
9
6
8
5
6
6
9
12
16
7
14
7
15
11
11
9
7
23
20
65
40
46
32
51
56
57
56
61
32
35
23
21
21
44
70
33
34
19
10
49
65
60
80
79
52
62
20
8
42
42
61
30
30
31
17
20
51
45
40
28
10
32
45
37
65
67
52
28
38
68
58
61
74
25
23
31
41
72
83
69
74
68
65
53
54
66
68
74
54
48
41
67
77
56
42
50
64
96
87
72
63
82
89
76
80
72
63
75
81
79
70
80
88
62
88
84
81
93
94
73
63
77
82
93
89
52
65
92
64
71
53
68
79
72
81
83
81
77
45
13
16
56.6668236745536
16
63.1909207366199
95
84
63
82
84
71
80
103
95
100
88
93
104
82
99
92
86
80
74
79
92
95
76
103
107
98
83
101
99
106
100
90
116
101
85
66
68
68
67
82
73
64.713154968503
33.6589326333119
86.2014672805418
79
67
63
68
89
45
45
63
75
79
77
78
65
78
104
100
88
86
91
90
96
94
89
83
80
81
76
92
80
64
63
85
86
82
87
85
89
92
96
82
84
86
99
89
82
88
91
93
73
95
100
82
93
88
84
68
51
60
29
47
61
90
80
80
71
74
69
87
75
76
88
69
61
68
59
54
68
69
63
76
55
66
61
77
79
64
75
59
45
39
42
38
50
18
16
36
30
64
66
50
42
41
41
57
45
40
47
57
38
39
39
38
33
46
35
16
19
18
30
41
46
41
43
35
35
33
44
51
42
16
45
66
41
22
29
52
31
13
9
10
13
20
8
10
9
16
19
24
43
13
4
37
45
67
57
47
20
11
13
9
8
30
60
68
36
23
46
62
35
53
16
28
3
5
2
16
11
4
34
71
56
51
37
36
64
58
31
35
44
60
46
22
4
29
65
28
9
39
20
23
26
10
6
29
35
5
6
4
18
60
68
62
31
15
8
25
50
58
60
37
47
42
40
19
60
35
57
50
61
26
15
30
57
55
55
57
52
40
34
35
29
33
33
68
44
80
75
77
68
70
44
29
57
86
80
57
42
89
77
78
81
78
81
90
65
59
89
90
74
70
50
69
98
90
64
64
77
86
60
39
78
74
88
81
89
77
86
58
65
88
52
59
87
91
74
60
47
57
61
74
82
84
87
79
83
77
69
87
93
91
54
57
75
80
71
93
90
87
96
105
99
90
75
102
82
67
71
77
59
59
63
51
35
67
76
59
87
61
75
73
61
55
48
49
50
70
60
81
81
66
65
88
69
92
90
91
95
106
98
99
86
82
79
84
81
75
91
84
77
99
92
91
95
96
116
105
111
100
99
87
96
100
93
86
89
86
96
88
94
86
86
89
97
89
78
81
95
100
98
99
116
82
78
83
89
85
86
79
72
86
85
82
90
77
91
89
90
88
87
91
88
86
79
75
98
87
85
88
83
82
84
80
84
90
59
56
74
63
79
76
88
75
61
59
60
64
62
69
80
87
65
65
69
74
50
63
67
79
55
45
39
47
59
74
54
60
41
22
37
30
60
47
31
36
42
49
53
46
31
55
21
23
10
35
54
68
39
44
33
51
29
29
56
61
42
22
70
60
54
27
14
22
37
19
40
47
48
59
53
23
48
11
40
69
31
5
5
28
19
10
11
4
5
8
15
31
7
5
5
14
58
63
24
60
34
4
28
30
31
14
11
7
10
5
4
14
22
21
7
11
9
18
7
9
15
13
15
19
39
22
20
16
5
12
22
10
24
19
39
39
36
72
50
30
24
62
74
71
75
60
77
77
57
16
17
17
17
30
31
57
63
46
24
29
18
46
51
38
35
30
32
31
28
52
35
32
38
28
52
49
57
72
70
65
73
54
44
38
39
49
73
50
31
49
72
78
79
79
69
60
58
64
76
92
65
74
77
98
69
53
58
79
88
79
80
85
76
78
87
77
77
81
73
52
83
85
91
76
99
102
88
95
67
81
80
60
72
72
65
85
92
73
87
92
81
75
64
68
46
83
91
83
101
75
83
92
85
87
87
90
90
77
82
76
71
61
74
73
63
88
88
96
84
81
84
86
84
88
82
80
79
75
82
90
87
80
71
86
65
61
76
81
69
72
64
74
83
85
96
92
85
92
73
87
92
81
75
64
68
46
83
91
83
101
75
83
92
85
87
87
90
90
77
82
76
71
61
74
73
63
88
77
88
94
95
79
82
59
61
32
69
86
79
78
81
72
76
77
76
53
65
71
72
84
87
83
65
62
61
68
74
56
71
71
74
72
70
79
79
64
64
81
76
68
59
40
49
56
65
59
64
45
52
38
37
59
40
47
54
51
48
0
42
70
35
41
44
56
29
28
35
46
35
40
40
43
53
42
32
36
53
54
23
31
42
52
15
18
20
24
9
22
31
47
70
59
55
48
55
61
55
53
30
40
42
59
54
50
52
33
12
6
21
31
71
64
45
36
56
51
45
49
0
